Selection	View	Channel	Begin Time (s)	End Time (s)	Low Freq (Hz)	High Freq (Hz)	Species	Call type	Score
1	Spectrogram 1	1	0.34439725	1.1521542	3157.1462	4511.164	SM	PC	0.32222557
2	Spectrogram 1	1	1.5117849	1.5741566	584.0435	2952.641	SM	CC	0.28001362
3	Spectrogram 1	1	2.2942922	2.450602	5912.131	9219.898	SB	PPC	0.17511585
4	Spectrogram 1	1	2.5744963	3.0	6218.238	9921.089	SB	PPC	0.5116775
5	Spectrogram 1	1	2.9168808	3.5048382	3747.9656	5094.415	SM	PC	0.64596313
6	Spectrogram 1	1	4.6915073	4.8658266	6677.4424	10543.448	SB	PPC	0.51677716
7	Spectrogram 1	1	5.5126038	5.679284	7471.285	12723.209	SB	PPC	0.19516906
8	Spectrogram 1	1	5.7655907	5.993919	7261.9956	10887.462	SB	PPC	0.19323732
9	Spectrogram 1	1	5.779936	5.9747944	325.97427	16898.654	SB	SPC	0.48053703
10	Spectrogram 1	1	6.089696	6.270099	589.69336	16637.88	SB	SPC	0.3361362
11	Spectrogram 1	1	6.384531	7.169196	6485.6406	12211.808	SB	PCC	0.47548115
12	Spectrogram 1	1	6.3972244	6.537433	7355.14	12096.505	SB	PPC	0.46095422
13	Spectrogram 1	1	6.588707	6.7405057	7051.052	11804.152	SB	PPC	0.44043893
14	Spectrogram 1	1	6.786391	6.9476695	6914.997	11568.044	SB	PPC	0.16683322
15	Spectrogram 1	1	7.902425	8.044434	211.44255	18236.879	SB	SPC	0.2528631
16	Spectrogram 1	1	8.352776	8.620592	3538.4988	6674.473	SB	PPC	0.37392962
17	Spectrogram 1	1	8.650726	8.995048	5780.347	12254.448	SB	PCC	0.1705022
18	Spectrogram 1	1	8.672583	8.898923	7049.4087	12173.659	SB	PPC	0.12821579
19	Spectrogram 1	1	9.503824	9.701257	310.3265	16072.79	SB	SPC	0.5568463
20	Spectrogram 1	1	9.726017	10.422235	6403.521	12242.827	SB	PCC	0.79571766
21	Spectrogram 1	1	9.737699	9.938197	7092.6504	12428.714	SB	PPC	0.47661462
22	Spectrogram 1	1	9.970404	10.165167	6487.8237	11881.815	SB	PPC	0.44111383
23	Spectrogram 1	1	10.199137	10.40235	6337.3584	11834.533	SB	PPC	0.5378982
24	Spectrogram 1	1	10.5	10.682425	5566.8735	10358.764	SB	PPC	0.27460566
25	Spectrogram 1	1	11.428273	11.672112	4961.214	12122.2295	SB	PPC	0.16708928
26	Spectrogram 1	1	11.736528	12.0	7844.666	12901.269	SB	PPC	0.45436198
27	Spectrogram 1	1	11.752325	13.00793	6434.734	12273.945	SB	PCC	0.43089533
28	Spectrogram 1	1	12.001084	12.184018	7615.596	11670.22	SB	PPC	0.46365103
29	Spectrogram 1	1	12.191949	12.520283	6851.322	11821.368	SB	PPC	0.40291324
30	Spectrogram 1	1	12.495246	12.73136	6474.3037	11784.273	SB	PPC	0.4621144
31	Spectrogram 1	1	12.749693	13.019758	5736.668	11642.585	SB	PPC	0.53705204
32	Spectrogram 1	1	14.1405945	14.5301485	6104.3813	7441.8047	SB	PPC	0.44065753
33	Spectrogram 1	1	15.411299	15.500092	439.52902	3200.1306	SM	CC	0.55812144
34	Spectrogram 1	1	16.296047	16.37098	410.7321	3127.1394	SM	CC	0.21104541
35	Spectrogram 1	1	18.50032	19.287413	3493.678	4676.731	SM	PC	0.42946255
36	Spectrogram 1	1	18.649933	18.72781	467.9262	3081.195	SM	CC	0.22170955
37	Spectrogram 1	1	21.370314	21.469055	302.68942	3329.9646	SM	CC	0.27773768
38	Spectrogram 1	1	21.947584	22.035425	472.72397	3497.0593	SM	CC	0.12489377
39	Spectrogram 1	1	22.188543	22.489033	6893.598	11549.265	SB	PPC	0.65453076
40	Spectrogram 1	1	22.442389	22.669748	7460.2217	12083.304	SB	PPC	0.6429038
41	Spectrogram 1	1	22.503448	23.147726	6966.1714	12345.035	SB	PCC	0.42849168
42	Spectrogram 1	1	22.678337	22.893557	6839.3164	11895.82	SB	PPC	0.5013137
43	Spectrogram 1	1	24.14812	24.21575	511.98953	3430.492	SM	CC	0.43183383
44	Spectrogram 1	1	24.41086	24.479078	783.19354	2937.6963	SM	CC	0.34346506
45	Spectrogram 1	1	25.615734	25.832846	417.41965	15316.187	SB	SPC	0.459303
46	Spectrogram 1	1	26.903446	26.974829	612.39935	3134.7817	SM	CC	0.44420213
47	Spectrogram 1	1	27.971394	28.16742	658.88165	15067.524	SB	SPC	0.53839076
48	Spectrogram 1	1	28.678417	28.918415	5619.2456	10227.374	SB	PPC	0.78964424
49	Spectrogram 1	1	29.254778	29.311192	536.8783	3089.4229	SM	CC	0.20130627
50	Spectrogram 1	1	29.832968	30.248034	6150.703	7209.651	SB	PPC	0.52997947
51	Spectrogram 1	1	30.496475	30.920467	6619.7607	9375.769	SB	PPC	0.49083334
52	Spectrogram 1	1	30.516216	31.60046	5905.285	10279.34	SB	PCC	0.6515974
53	Spectrogram 1	1	30.95949	31.216673	6160.4194	8748.259	SB	PPC	0.2391232
54	Spectrogram 1	1	31.261204	31.534283	5825.9976	10579.388	SB	PPC	0.43705794
55	Spectrogram 1	1	34.286335	34.676304	6175.6865	7207.198	SB	PPC	0.3054719
