umbral recall precision
0.01 0.899446 0.514624
0.02 0.887384 0.571438
0.03 0.878584 0.602604
0.04 0.871564 0.624911
0.05 0.863951 0.643162
0.06 0.858315 0.656905
0.07 0.851592 0.667519
0.08 0.847439 0.677228
0.09 0.843385 0.685746
0.1 0.83943 0.693401
0.11 0.836662 0.700033
0.12 0.831916 0.70694
0.13 0.828752 0.713483
0.14 0.825391 0.718726
0.15 0.822424 0.725639
0.16 0.819458 0.731316
0.17 0.817184 0.737288
0.18 0.813724 0.742713
0.19 0.810362 0.747674
0.2 0.807297 0.753785
0.21 0.80354 0.757904
0.22 0.800573 0.762717
0.23 0.796915 0.76616
0.24 0.793158 0.769718
0.25 0.7895 0.774716
0.26 0.786435 0.779498
0.27 0.783073 0.784236
0.28 0.779711 0.787419
0.29 0.776547 0.792133
0.3 0.773482 0.797208
0.31 0.769725 0.800596
0.32 0.765078 0.804282
0.33 0.760925 0.808149
0.34 0.756377 0.810897
0.35 0.752422 0.813382
0.36 0.747973 0.816866
0.37 0.743425 0.819331
0.38 0.739767 0.822198
0.39 0.734922 0.826164
0.4 0.729385 0.829156
0.41 0.724046 0.832159
0.42 0.718015 0.834521
0.43 0.711489 0.839184
0.44 0.705656 0.841627
0.45 0.699723 0.845621
0.46 0.692901 0.848632
0.47 0.687463 0.852606
0.48 0.679652 0.856787
0.49 0.67194 0.8596
0.5 0.662547 0.862531
0.51 0.652066 0.864918
0.52 0.640498 0.868016
0.53 0.629622 0.870897
0.54 0.618944 0.873692
0.55 0.606783 0.876214
0.56 0.593633 0.878806
0.57 0.582064 0.883006
0.58 0.569013 0.884432
0.59 0.557841 0.886967
0.6 0.544097 0.890021
0.61 0.529563 0.894754
0.62 0.517797 0.899056
0.63 0.504252 0.902495
0.64 0.493079 0.905739
0.65 0.479533 0.909432
0.66 0.466383 0.912379
0.67 0.453629 0.914855
0.68 0.440083 0.919438
0.69 0.426834 0.924807
0.7 0.410223 0.928811
0.71 0.392031 0.931188
0.72 0.371564 0.932969
0.73 0.34912 0.933633
0.74 0.328357 0.93602
0.75 0.30443 0.937291
0.76 0.281194 0.937685
0.77 0.258058 0.940541
0.78 0.238778 0.942255
0.79 0.22108 0.944656
0.8 0.20437 0.94773
0.81 0.191616 0.950932
0.82 0.177675 0.95636
0.83 0.16403 0.961739
0.84 0.148013 0.963941
0.85 0.129721 0.963997
0.86 0.112616 0.961993
0.87 0.0911608 0.967471
0.88 0.0695076 0.970994
0.89 0.0494364 0.968992
0.9 0.0327269 0.976401
0.91 0.0188847 0.984536
0.92 0.00662448 1
0.93 0.00148309 1
0.94 9.88728e-05 1
0.95 0 1
0.96 0 1
0.97 0 1
0.98 0 1
0.99 0 1
