carga Det Frc Yol Rtd
200 0.0761779 0.0754213 0.0775648 0.0765351
299.16 0.114247 0.113238 0.115255 0.114247
398.319 0.152189 0.151433 0.152315 0.152315
497.479 0.189123 0.189383 0.188493 0.188367
596.639 0.224057 0.225805 0.22467 0.223787
695.798 0.259614 0.262108 0.260343 0.258858
794.958 0.295007 0.298034 0.295638 0.294377
894.118 0.329168 0.333833 0.330176 0.328537
993.277 0.362697 0.367488 0.365149 0.362067
1092.44 0.394714 0.400766 0.397932 0.395915
1191.6 0.426982 0.432026 0.429756 0.428193
1290.76 0.457864 0.463286 0.461016 0.458621
1389.92 0.487737 0.493506 0.492781 0.488115
1489.08 0.51824 0.522906 0.522654 0.517463
1588.24 0.546348 0.550761 0.55114 0.546211
1687.39 0.572059 0.578239 0.580634 0.574582
1786.55 0.597907 0.602824 0.606103 0.602312
1885.71 0.624998 0.625268 0.629537 0.626259
1984.87 0.648342 0.646927 0.653764 0.646577
2084.03 0.672135 0.665868 0.675072 0.668012
2183.19 0.693308 0.685112 0.693355 0.688312
2282.35 0.710377 0.703694 0.711638 0.706159
2381.51 0.726702 0.720842 0.728912 0.72418
2480.67 0.741066 0.736401 0.744975 0.740134
2579.83 0.754129 0.750221 0.759803 0.755768
2678.99 0.767147 0.761947 0.77219 0.769638
2778.15 0.777834 0.771655 0.784012 0.783256
2877.31 0.788047 0.78086 0.794856 0.794982
2976.47 0.796369 0.789938 0.80469 0.805195
3000 0.79889 0.792838 0.807149 0.807086
3075.63 0.805321 0.798125 0.81213 0.814525
3174.79 0.812634 0.807717 0.819947 0.822847
3273.95 0.817804 0.813517 0.827737 0.830791
3373.11 0.824738 0.820704 0.833312 0.837599
3472.27 0.830034 0.824738 0.839743 0.843982
3571.43 0.836212 0.83016 0.844786 0.850334
3670.59 0.839995 0.835582 0.849704 0.855125
3769.75 0.844282 0.839869 0.853738 0.859665
3868.91 0.849452 0.844912 0.858152 0.86433
3968.07 0.853012 0.847938 0.86206 0.868491
4067.23 0.856008 0.851217 0.864834 0.871895
4166.39 0.859034 0.855252 0.867986 0.875678
4265.55 0.861556 0.858656 0.869499 0.878704
4364.71 0.864204 0.861808 0.871895 0.880721
4463.87 0.866852 0.865086 0.874669 0.883495
4563.03 0.869121 0.866852 0.877443 0.885891
4662.18 0.870886 0.868743 0.880091 0.88753
4761.34 0.872904 0.871139 0.882739 0.889295
4860.5 0.875299 0.87303 0.88463 0.890808
4959.66 0.877695 0.875552 0.886773 0.892069
5058.82 0.879208 0.877191 0.888286 0.894086
5157.98 0.881478 0.879839 0.889926 0.894969
5257.14 0.883243 0.881478 0.891313 0.896608
5356.3 0.88463 0.882613 0.8927 0.897365
5455.46 0.886143 0.883999 0.893708 0.8985
5554.62 0.887908 0.885765 0.8956 0.899887
5653.78 0.888917 0.887026 0.896482 0.900517
5752.94 0.890052 0.888665 0.898121 0.900895
5852.1 0.890934 0.889043 0.899382 0.901652
5951.26 0.891691 0.890178 0.900391 0.902913
6050.42 0.893204 0.891691 0.901021 0.903795
6149.58 0.893708 0.892826 0.902282 0.904873
6248.74 0.894591 0.893456 0.903291 0.905687
6347.9 0.8956 0.894717 0.904853 0.906065
6447.06 0.896482 0.896104 0.905434 0.906443
6546.22 0.897491 0.897491 0.906065 0.907073
6645.38 0.898373 0.898878 0.906569 0.907578
6744.54 0.899256 0.900013 0.907326 0.908082
6843.7 0.900013 0.901273 0.90783 0.908208
6942.86 0.901147 0.902282 0.90846 0.90846
7042.02 0.901526 0.90266 0.909343 0.909217
7141.18 0.902282 0.903417 0.9101 0.909217
7240.34 0.90266 0.904804 0.910856 0.909721
7339.5 0.903417 0.905687 0.911487 0.910478
7438.66 0.903795 0.906569 0.911739 0.911108
7537.82 0.904552 0.907452  0.911487
7636.97 0.904804 0.908082  0.911739
7736.13 0.905056 0.908965  0.912243
7835.29 0.905434 0.909469  0.912495
7934.45 0.905687 0.910604  0.912621
8033.61 0.906191 0.911487  0.912621
8132.77 0.906443 0.911865  0.913126
8231.93 0.906821 0.912117  0.913504
8331.09 0.9072 0.913  0.913756
8430.25 0.907704 0.913378  0.914134
8529.41 0.908082 0.914008  0.914261
8628.57 0.908587 0.914891  0.914387
8727.73 0.909343 0.915143  0.914513
8826.89 0.909721 0.915647  0.914639
8926.05 0.9101 0.916278  0.915017
9025.21 0.910352 0.91653  0.915269
9124.37 0.910604 0.917034  0.915521
9223.53 0.91073 0.917287  0.9159
9322.69 0.911361 0.917665  0.916026
9421.85 0.911739 0.917791  0.916278
9521.01 0.912621 0.918169  0.91653
9620.17 0.912747 0.918547  0.916908
9719.33 0.913126 0.9188  0.917034
9818.49 0.913504 0.919052  0.917161
9917.65 0.913504 0.919304  0.917161
10016.8 0.91363 0.919682  0.917161
10116 0.91363 0.919934  0.917287
10215.1 0.913756 0.920565  0.917665
10314.3 0.914008 0.920691  0.918043
10413.4 0.914008 0.921069  0.918295
10512.6 0.914639 0.921447  0.918421
10611.8 0.914765 0.9217  0.918547
10710.9 0.915143 0.922078  0.918674
10810.1 0.915521 0.92233  0.9188
10909.2 0.915521 0.922582  0.9188
11008.4 0.915647 0.922708  0.918926
11107.6 0.9159 0.923087  0.918926
11206.7 0.91653 0.923339  0.919178
11305.9 0.916656 0.923465  0.919178
11405 0.916782 0.923591  0.919178
11504.2 0.916908 0.923717  0.919304
11603.4 0.917161 0.923843  0.919304
11702.5 0.917161 0.923969  0.919304
11801.7 0.917413 0.924474  0.91943
11900.8 0.917665 0.924978  0.919556
12000 0.917791 0.924978  0.919682
