clase med q1 q3
sm/cc 81.2031 63.9401 106.784
aa/gc 93.1259 76.9428 118.239
sb/spc 161.728 127.206 220.61
sm/fs 189.017 148.231 259.792
sb/ppc 204.486 145.384 302.56
aa/hm 228.958 195.792 266.619
aa/sc 232.049 212.382 266.121
sm/hic 266.194 185.665 364.185
pt/sqc 266.514 236.765 314.481
as/bc 322.208 259.186 397.473
ac/bc 344.861 239.964 497.91
lw/ta 418.406 311.832 549.136
lw/vc 418.724 327.507 485.75
sb/sc 428.635 349.394 576.203
lw/cs 429.871 336.878 503.519
lw/trino 534.035 353.641 730.126
sm/pc 550.192 404.168 822.695
sm/sc 585.535 354.827 821.56
sb/pcc 725.866 496.18 1059.02
lw/sqc 811.873 604.6 1047.88
ac/gc 1011.58 657.13 1921.88
ac/sc 1179.54 867.127 1421.54
ac/chc 1200.75 894.132 1593.77
pt/dc 6671.14 4756.02 9549.28
as/hc 10993.4 7128.88 15807.4
