iou Det Frc Yol Rtd
0.325 0.0110351 0.0136682 0.0114837 0.0128047
0.375 0.0186509 0.0192308 0.0142398 0.0168158
0.425 0.0226919 0.0222505 0.0228143 0.0205184
0.475 0.0404103 0.0356008 0.0297045 0.0302376
0.525 0.0442959 0.0437063 0.0369009 0.0425795
0.575 0.0604601 0.0530833 0.0526719 0.0482876
0.625 0.0761579 0.0716783 0.0572653 0.0572354
0.675 0.0856388 0.0878894 0.0736488 0.0720457
0.725 0.105222 0.108551 0.0946256 0.0975008
0.775 0.115325 0.13541 0.125402 0.11262
0.825 0.124495 0.147171 0.141326 0.142394
0.875 0.131489 0.137476 0.157556 0.163684
0.925 0.113926 0.0931341 0.125555 0.129127
0.975 0.0502021 0.0311507 0.056806 0.05415
